{
 "cells": [
  {
   "cell_type": "code",
   "execution_count": 4,
   "id": "68231376",
   "metadata": {},
   "outputs": [],
   "source": [
    "import scanpy as sc\n",
    "\n",
    "adata = sc.read_h5ad(\"adata_qc.h5ad\")"
   ]
  },
  {
   "cell_type": "code",
   "execution_count": 11,
   "id": "c4f83d92",
   "metadata": {},
   "outputs": [
    {
     "name": "stdout",
     "output_type": "stream",
     "text": [
      "AnnData object with n_obs × n_vars = 67603 × 2552\n",
      "    obs: 'n_genes_by_counts', 'total_counts', 'total_counts_mt', 'pct_counts_mt', 'total_counts_ribo', 'pct_counts_ribo', 'total_counts_hb', 'pct_counts_hb', 'sample', 'n_genes', 'doublet_score', 'predicted_doublet', 'leiden', 'celltype', 'UMAP_1', 'UMAP_2', 'Cluster', 'Celltype (malignancy)', 'Celltype (major-lineage)', 'Celltype (minor-lineage)', 'Patient', 'Sample', 'Source', 'meta_lineage'\n",
      "    var: 'gene_ids', 'mt', 'ribo', 'hb', 'n_cells_by_counts', 'mean_counts', 'pct_dropout_by_counts', 'total_counts', 'highly_variable', 'means', 'dispersions', 'dispersions_norm', 'mean', 'std'\n",
      "    uns: 'Celltype (malignancy)_colors', 'Celltype (minor-lineage)_colors', 'Patient_colors', 'Sample_colors', 'celltype_colors', 'dendrogram_leiden', 'hvg', 'leiden', 'leiden_colors', 'log1p', 'neighbors', 'pca', 'rank_genes_groups', 'sample_colors', 'scrublet', 'umap'\n",
      "    obsm: 'X_pca', 'X_pca_harmony', 'X_umap'\n",
      "    varm: 'PCs'\n",
      "    layers: 'counts'\n",
      "    obsp: 'connectivities', 'distances'\n"
     ]
    }
   ],
   "source": [
    "print(adata)"
   ]
  },
  {
   "cell_type": "code",
   "execution_count": 8,
   "id": "f3663aeb",
   "metadata": {},
   "outputs": [
    {
     "name": "stdout",
     "output_type": "stream",
     "text": [
      "KeysView(AxisArrays with keys: X_pca, X_pca_harmony, X_umap)\n"
     ]
    }
   ],
   "source": [
    "print(adata.obsm.keys())"
   ]
  },
  {
   "cell_type": "code",
   "execution_count": 9,
   "id": "6b9a3efa",
   "metadata": {},
   "outputs": [
    {
     "name": "stdout",
     "output_type": "stream",
     "text": [
      "leiden\n",
      "0     8931\n",
      "1     7697\n",
      "2     5605\n",
      "3     5557\n",
      "4     5151\n",
      "5     4747\n",
      "6     4538\n",
      "7     3410\n",
      "8     3064\n",
      "9     3060\n",
      "10    2778\n",
      "11    2358\n",
      "12    1954\n",
      "13    1701\n",
      "14    1483\n",
      "15    1468\n",
      "16    1466\n",
      "17    1000\n",
      "18     466\n",
      "19     466\n",
      "20     332\n",
      "21     187\n",
      "22     184\n",
      "Name: count, dtype: int64\n"
     ]
    }
   ],
   "source": [
    "# leiden clusters 확인\n",
    "print(adata.obs['leiden'].value_counts())"
   ]
  },
  {
   "cell_type": "markdown",
   "id": "0154637c",
   "metadata": {},
   "source": [
    "### 합쳐질 수 있는 클러스터인지 점검 -> 없으면 각 클러스터 DEG 해석 -> NSCLC 메커니즘 문헌 연결\n",
    "\n",
    "클러스터 키 : leiden. Harmony을 사용하였으니 X_PCA_harmony"
   ]
  },
  {
   "cell_type": "code",
   "execution_count": 10,
   "id": "1f81fbda",
   "metadata": {},
   "outputs": [],
   "source": [
    "import numpy as np\n",
    "import pandas as pd\n",
    "import matplotlib.pyplot as plt\n",
    "\n",
    "\n",
    "cluster_key = 'leiden'\n",
    "embed_key = 'X_pca_harmony'"
   ]
  },
  {
   "cell_type": "markdown",
   "id": "62aa4cb6",
   "metadata": {},
   "source": [
    "### 대표 발현 (=pseudobulk mean), 임베딩 중심거리로 merge 후보 찾기\n",
    "\n",
    "클러스터 중심이 가깝고, 발현 프로파일/시그니처 비슷하면 병합 후보\n"
   ]
  },
  {
   "cell_type": "code",
   "execution_count": 14,
   "id": "dfef02d9",
   "metadata": {},
   "outputs": [],
   "source": [
    "# 임베딩 중심 (centroid) 계산\n",
    "\n",
    "# 각 클러스터 임베딩 중심 좌표\n",
    "groups = adata.obs[cluster_key].astype(str)\n",
    "U = adata.obsm[embed_key]\n",
    "centroids = (pd.DataFrame(U, index=adata.obs_names)\n",
    "             .assign(cluster=groups.values)\n",
    "             .groupby('cluster').mean())\n",
    "\n",
    "# 유클리드 거리 행렬\n",
    "C = centroids.values\n",
    "D_embed = pd.DataFrame(\n",
    "    np.linalg.norm(C[:, np.newaxis, :] - C[np.newaxis, :, :], axis=-1),\n",
    "    index=centroids.index, columns=centroids.index\n",
    ")"
   ]
  },
  {
   "cell_type": "code",
   "execution_count": 15,
   "id": "89f36a25",
   "metadata": {},
   "outputs": [],
   "source": [
    "# HVG만 선택 (없으면 미리 sc.pp.highly_variable_genes 실행 필요)\n",
    "if \"highly_variable\" in adata.var.columns:\n",
    "    ad_hvg = adata[:, adata.var['highly_variable']].copy()\n",
    "else:\n",
    "    ad_hvg = adata.copy()\n",
    "\n",
    "X = ad_hvg.X.toarray() if hasattr(ad_hvg.X, \"toarray\") else ad_hvg.X\n",
    "df_expr = pd.DataFrame(X, index=ad_hvg.obs_names, columns=ad_hvg.var_names)\n",
    "df_expr[\"cluster\"] = ad_hvg.obs[cluster_key].astype(str).values\n",
    "pseudobulk = df_expr.groupby(\"cluster\").mean()\n",
    "\n",
    "# 발현 프로파일 유사도(상관계수 기반 거리)\n",
    "corr = np.corrcoef(pseudobulk.values)\n",
    "D_expr = pd.DataFrame(1 - corr, index=pseudobulk.index, columns=pseudobulk.index)"
   ]
  },
  {
   "cell_type": "code",
   "execution_count": 18,
   "id": "3f70554d",
   "metadata": {},
   "outputs": [
    {
     "name": "stdout",
     "output_type": "stream",
     "text": [
      "[[ 1.         -0.36209422 -0.58436447 -0.57448483  0.06193479  0.77036297\n",
      "  -0.25929648 -0.06044948 -0.18236059  0.02565541  0.14607303 -0.05253003\n",
      "   0.06724674  0.03274063  0.31083116 -0.08670763  0.22772662 -0.47786406\n",
      "  -0.39356638 -0.08089111  0.11937688 -0.30931329 -0.03463995]\n",
      " [-0.36209422  1.          0.34922215  0.21879047 -0.27178123 -0.38518478\n",
      "  -0.35638159  0.27256758  0.32184423 -0.13569893 -0.20179112 -0.07559555\n",
      "  -0.11175269 -0.05414999 -0.36761366 -0.11051325 -0.38377497  0.16120318\n",
      "   0.79941165  0.13395703 -0.32748351 -0.03073756 -0.18794405]\n",
      " [-0.58436447  0.34922215  1.          0.53348836  0.10148812 -0.52618648\n",
      "   0.12153052  0.10492014  0.29139345 -0.13780738 -0.0935829  -0.07976172\n",
      "   0.01689691 -0.02438955 -0.40101353 -0.09032701 -0.19049363  0.18618084\n",
      "   0.45112848  0.10853243 -0.33363834  0.02563825  0.07212057]\n",
      " [-0.57448483  0.21879047  0.53348836  1.         -0.28739083 -0.54281449\n",
      "   0.35178376 -0.07031003  0.03582101 -0.15223139 -0.26424143 -0.09438659\n",
      "  -0.36405132 -0.10101877 -0.38343272 -0.08985282 -0.46210761  0.82651353\n",
      "   0.37573899 -0.31487792 -0.33080572  0.55894413 -0.26769384]\n",
      " [ 0.06193479 -0.27178123  0.10148812 -0.28739083  1.          0.03970792\n",
      "   0.14251905  0.02283875  0.10976944 -0.20404219  0.31681163 -0.17408525\n",
      "   0.48825342  0.1265878  -0.14014438 -0.17210104  0.53898754 -0.36790714\n",
      "  -0.29573564  0.33803324 -0.19092758 -0.23803481  0.36345582]\n",
      " [ 0.77036297 -0.38518478 -0.52618648 -0.54281449  0.03970792  1.\n",
      "  -0.21647103 -0.21062426 -0.14314603  0.1337852   0.04017558 -0.01429708\n",
      "   0.04988876 -0.00495987  0.61183712 -0.00593831  0.11443523 -0.47248535\n",
      "  -0.40054923  0.02730563  0.27911413 -0.38831392 -0.02332936]\n",
      " [-0.25929648 -0.35638159  0.12153052  0.35178376  0.14251905 -0.21647103\n",
      "   1.         -0.16241677 -0.04785448 -0.20115141  0.04677735 -0.17655433\n",
      "   0.08551514 -0.10359103 -0.20555774 -0.11505282  0.1151053   0.42172224\n",
      "  -0.36021056  0.07598322 -0.22770692  0.45773978 -0.006154  ]\n",
      " [-0.06044948  0.27256758  0.10492014 -0.07031003  0.02283875 -0.21062426\n",
      "  -0.16241677  1.          0.12712538 -0.16838346 -0.02753452 -0.1303418\n",
      "  -0.18318942 -0.04800925 -0.25007082 -0.09067972  0.33630124 -0.09721747\n",
      "   0.16155601 -0.01864822 -0.24616859  0.30819019 -0.06436592]\n",
      " [-0.18236059  0.32184423  0.29139345  0.03582101  0.10976944 -0.14314603\n",
      "  -0.04785448  0.12712538  1.         -0.15466564 -0.0771085  -0.12422531\n",
      "   0.133105   -0.02676147 -0.26351847 -0.12586203 -0.07835858 -0.04291265\n",
      "   0.29507413  0.33913316 -0.25764458 -0.1582443  -0.08236839]\n",
      " [ 0.02565541 -0.13569893 -0.13780738 -0.15223139 -0.20404219  0.1337852\n",
      "  -0.20115141 -0.16838346 -0.15466564  1.         -0.04251926  0.55789689\n",
      "  -0.16804254  0.04736774  0.43072858  0.06207814 -0.17051159 -0.1809847\n",
      "  -0.07812658 -0.17332966  0.16289985 -0.19895863  0.02604115]\n",
      " [ 0.14607303 -0.20179112 -0.0935829  -0.26424143  0.31681163  0.04017558\n",
      "   0.04677735 -0.02753452 -0.0771085  -0.04251926  1.         -0.01182305\n",
      "   0.34041528  0.04862968 -0.01889126 -0.06939265  0.36095866 -0.27703486\n",
      "  -0.25101737  0.03329039 -0.03281662 -0.1833701   0.28723771]\n",
      " [-0.05253003 -0.07559555 -0.07976172 -0.09438659 -0.17408525 -0.01429708\n",
      "  -0.17655433 -0.1303418  -0.12422531  0.55789689 -0.01182305  1.\n",
      "  -0.15400861  0.03718812  0.14211013  0.02701978 -0.15765508 -0.12603297\n",
      "  -0.03058166 -0.16101137  0.07016375 -0.15292363  0.36643377]\n",
      " [ 0.06724674 -0.11175269  0.01689691 -0.36405132  0.48825342  0.04988876\n",
      "   0.08551514 -0.18318942  0.133105   -0.16804254  0.34041528 -0.15400861\n",
      "   1.          0.00836533 -0.13539613 -0.18976661  0.33088567 -0.40657374\n",
      "  -0.24607592  0.47211752 -0.18317961 -0.42275034  0.39793271]\n",
      " [ 0.03274063 -0.05414999 -0.02438955 -0.10101877  0.1265878  -0.00495987\n",
      "  -0.10359103 -0.04800925 -0.02676147  0.04736774  0.04862968  0.03718812\n",
      "   0.00836533  1.          0.02206543  0.04300775  0.01373772 -0.12892603\n",
      "  -0.02330134 -0.01142783  0.05719636 -0.1382193   0.08544628]\n",
      " [ 0.31083116 -0.36761366 -0.40101353 -0.38343272 -0.14014438  0.61183712\n",
      "  -0.20555774 -0.25007082 -0.26351847  0.43072858 -0.01889126  0.14211013\n",
      "  -0.13539613  0.02206543  1.          0.22873177 -0.05952031 -0.34329167\n",
      "  -0.32178375 -0.14723205  0.63474563 -0.3012544  -0.07159049]\n",
      " [-0.08670763 -0.11051325 -0.09032701 -0.08985282 -0.17210104 -0.00593831\n",
      "  -0.11505282 -0.09067972 -0.12586203  0.06207814 -0.06939265  0.02701978\n",
      "  -0.18976661  0.04300775  0.22873177  1.         -0.16398116 -0.09564769\n",
      "  -0.09779187 -0.18412034  0.62513311 -0.08191803 -0.13238275]\n",
      " [ 0.22772662 -0.38377497 -0.19049363 -0.46210761  0.53898754  0.11443523\n",
      "   0.1151053   0.33630124 -0.07835858 -0.17051159  0.36095866 -0.15765508\n",
      "   0.33088567  0.01373772 -0.05952031 -0.16398116  1.         -0.46111788\n",
      "  -0.44147192  0.26719047 -0.13223768 -0.10420527  0.31461082]\n",
      " [-0.47786406  0.16120318  0.18618084  0.82651353 -0.36790714 -0.47248535\n",
      "   0.42172224 -0.09721747 -0.04291265 -0.1809847  -0.27703486 -0.12603297\n",
      "  -0.40657374 -0.12892603 -0.34329167 -0.09564769 -0.46111788  1.\n",
      "   0.25794552 -0.35482508 -0.31539044  0.76459864 -0.35508082]\n",
      " [-0.39356638  0.79941165  0.45112848  0.37573899 -0.29573564 -0.40054923\n",
      "  -0.36021056  0.16155601  0.29507413 -0.07812658 -0.25101737 -0.03058166\n",
      "  -0.24607592 -0.02330134 -0.32178375 -0.09779187 -0.44147192  0.25794552\n",
      "   1.         -0.00746207 -0.28605592 -0.05424965 -0.24406246]\n",
      " [-0.08089111  0.13395703  0.10853243 -0.31487792  0.33803324  0.02730563\n",
      "   0.07598322 -0.01864822  0.33913316 -0.17332966  0.03329039 -0.16101137\n",
      "   0.47211752 -0.01142783 -0.14723205 -0.18412034  0.26719047 -0.35482508\n",
      "  -0.00746207  1.         -0.20773135 -0.40495581  0.21953878]\n",
      " [ 0.11937688 -0.32748351 -0.33363834 -0.33080572 -0.19092758  0.27911413\n",
      "  -0.22770692 -0.24616859 -0.25764458  0.16289985 -0.03281662  0.07016375\n",
      "  -0.18317961  0.05719636  0.63474563  0.62513311 -0.13223768 -0.31539044\n",
      "  -0.28605592 -0.20773135  1.         -0.27762234 -0.12662394]\n",
      " [-0.30931329 -0.03073756  0.02563825  0.55894413 -0.23803481 -0.38831392\n",
      "   0.45773978  0.30819019 -0.1582443  -0.19895863 -0.1833701  -0.15292363\n",
      "  -0.42275034 -0.1382193  -0.3012544  -0.08191803 -0.10420527  0.76459864\n",
      "  -0.05424965 -0.40495581 -0.27762234  1.         -0.28981221]\n",
      " [-0.03463995 -0.18794405  0.07212057 -0.26769384  0.36345582 -0.02332936\n",
      "  -0.006154   -0.06436592 -0.08236839  0.02604115  0.28723771  0.36643377\n",
      "   0.39793271  0.08544628 -0.07159049 -0.13238275  0.31461082 -0.35508082\n",
      "  -0.24406246  0.21953878 -0.12662394 -0.28981221  1.        ]]\n"
     ]
    }
   ],
   "source": [
    "print(corr)"
   ]
  },
  {
   "cell_type": "code",
   "execution_count": 17,
   "id": "ba75004f",
   "metadata": {},
   "outputs": [
    {
     "name": "stdout",
     "output_type": "stream",
     "text": [
      "cluster             0         1        10            11        12  \\\n",
      "cluster                                                             \n",
      "0        1.110223e-16  1.362094  1.584364  1.574485e+00  0.938065   \n",
      "1        1.362094e+00  0.000000  0.650778  7.812095e-01  1.271781   \n",
      "10       1.584364e+00  0.650778  0.000000  4.665116e-01  0.898512   \n",
      "11       1.574485e+00  0.781210  0.466512  2.220446e-16  1.287391   \n",
      "12       9.380652e-01  1.271781  0.898512  1.287391e+00  0.000000   \n",
      "13       2.296370e-01  1.385185  1.526186  1.542814e+00  0.960292   \n",
      "14       1.259296e+00  1.356382  0.878469  6.482162e-01  0.857481   \n",
      "15       1.060449e+00  0.727432  0.895080  1.070310e+00  0.977161   \n",
      "16       1.182361e+00  0.678156  0.708607  9.641790e-01  0.890231   \n",
      "17       9.743446e-01  1.135699  1.137807  1.152231e+00  1.204042   \n",
      "18       8.539270e-01  1.201791  1.093583  1.264241e+00  0.683188   \n",
      "19       1.052530e+00  1.075596  1.079762  1.094387e+00  1.174085   \n",
      "2        9.327533e-01  1.111753  0.983103  1.364051e+00  0.511747   \n",
      "20       9.672594e-01  1.054150  1.024390  1.101019e+00  0.873412   \n",
      "21       6.891688e-01  1.367614  1.401014  1.383433e+00  1.140144   \n",
      "22       1.086708e+00  1.110513  1.090327  1.089853e+00  1.172101   \n",
      "3        7.722734e-01  1.383775  1.190494  1.462108e+00  0.461012   \n",
      "4        1.477864e+00  0.838797  0.813819  1.734865e-01  1.367907   \n",
      "5        1.393566e+00  0.200588  0.548872  6.242610e-01  1.295736   \n",
      "6        1.080891e+00  0.866043  0.891468  1.314878e+00  0.661967   \n",
      "7        8.806231e-01  1.327484  1.333638  1.330806e+00  1.190928   \n",
      "8        1.309313e+00  1.030738  0.974362  4.410559e-01  1.238035   \n",
      "9        1.034640e+00  1.187944  0.927879  1.267694e+00  0.636544   \n",
      "\n",
      "cluster            13        14        15        16        17  ...        20  \\\n",
      "cluster                                                        ...             \n",
      "0        2.296370e-01  1.259296  1.060449  1.182361  0.974345  ...  0.967259   \n",
      "1        1.385185e+00  1.356382  0.727432  0.678156  1.135699  ...  1.054150   \n",
      "10       1.526186e+00  0.878469  0.895080  0.708607  1.137807  ...  1.024390   \n",
      "11       1.542814e+00  0.648216  1.070310  0.964179  1.152231  ...  1.101019   \n",
      "12       9.602921e-01  0.857481  0.977161  0.890231  1.204042  ...  0.873412   \n",
      "13       2.220446e-16  1.216471  1.210624  1.143146  0.866215  ...  1.004960   \n",
      "14       1.216471e+00  0.000000  1.162417  1.047854  1.201151  ...  1.103591   \n",
      "15       1.210624e+00  1.162417  0.000000  0.872875  1.168383  ...  1.048009   \n",
      "16       1.143146e+00  1.047854  0.872875  0.000000  1.154666  ...  1.026761   \n",
      "17       8.662148e-01  1.201151  1.168383  1.154666  0.000000  ...  0.952632   \n",
      "18       9.598244e-01  0.953223  1.027535  1.077109  1.042519  ...  0.951370   \n",
      "19       1.014297e+00  1.176554  1.130342  1.124225  0.442103  ...  0.962812   \n",
      "2        9.501112e-01  0.914485  1.183189  0.866895  1.168043  ...  0.991635   \n",
      "20       1.004960e+00  1.103591  1.048009  1.026761  0.952632  ...  0.000000   \n",
      "21       3.881629e-01  1.205558  1.250071  1.263518  0.569271  ...  0.977935   \n",
      "22       1.005938e+00  1.115053  1.090680  1.125862  0.937922  ...  0.956992   \n",
      "3        8.855648e-01  0.884895  0.663699  1.078359  1.170512  ...  0.986262   \n",
      "4        1.472485e+00  0.578278  1.097217  1.042913  1.180985  ...  1.128926   \n",
      "5        1.400549e+00  1.360211  0.838444  0.704926  1.078127  ...  1.023301   \n",
      "6        9.726944e-01  0.924017  1.018648  0.660867  1.173330  ...  1.011428   \n",
      "7        7.208859e-01  1.227707  1.246169  1.257645  0.837100  ...  0.942804   \n",
      "8        1.388314e+00  0.542260  0.691810  1.158244  1.198959  ...  1.138219   \n",
      "9        1.023329e+00  1.006154  1.064366  1.082368  0.973959  ...  0.914554   \n",
      "\n",
      "cluster        21        22         3         4         5         6         7  \\\n",
      "cluster                                                                         \n",
      "0        0.689169  1.086708  0.772273  1.477864  1.393566  1.080891  0.880623   \n",
      "1        1.367614  1.110513  1.383775  0.838797  0.200588  0.866043  1.327484   \n",
      "10       1.401014  1.090327  1.190494  0.813819  0.548872  0.891468  1.333638   \n",
      "11       1.383433  1.089853  1.462108  0.173486  0.624261  1.314878  1.330806   \n",
      "12       1.140144  1.172101  0.461012  1.367907  1.295736  0.661967  1.190928   \n",
      "13       0.388163  1.005938  0.885565  1.472485  1.400549  0.972694  0.720886   \n",
      "14       1.205558  1.115053  0.884895  0.578278  1.360211  0.924017  1.227707   \n",
      "15       1.250071  1.090680  0.663699  1.097217  0.838444  1.018648  1.246169   \n",
      "16       1.263518  1.125862  1.078359  1.042913  0.704926  0.660867  1.257645   \n",
      "17       0.569271  0.937922  1.170512  1.180985  1.078127  1.173330  0.837100   \n",
      "18       1.018891  1.069393  0.639041  1.277035  1.251017  0.966710  1.032817   \n",
      "19       0.857890  0.972980  1.157655  1.126033  1.030582  1.161011  0.929836   \n",
      "2        1.135396  1.189767  0.669114  1.406574  1.246076  0.527882  1.183180   \n",
      "20       0.977935  0.956992  0.986262  1.128926  1.023301  1.011428  0.942804   \n",
      "21       0.000000  0.771268  1.059520  1.343292  1.321784  1.147232  0.365254   \n",
      "22       0.771268  0.000000  1.163981  1.095648  1.097792  1.184120  0.374867   \n",
      "3        1.059520  1.163981  0.000000  1.461118  1.441472  0.732810  1.132238   \n",
      "4        1.343292  1.095648  1.461118  0.000000  0.742054  1.354825  1.315390   \n",
      "5        1.321784  1.097792  1.441472  0.742054  0.000000  1.007462  1.286056   \n",
      "6        1.147232  1.184120  0.732810  1.354825  1.007462  0.000000  1.207731   \n",
      "7        0.365254  0.374867  1.132238  1.315390  1.286056  1.207731  0.000000   \n",
      "8        1.301254  1.081918  1.104205  0.235401  1.054250  1.404956  1.277622   \n",
      "9        1.071590  1.132383  0.685389  1.355081  1.244062  0.780461  1.126624   \n",
      "\n",
      "cluster         8             9  \n",
      "cluster                          \n",
      "0        1.309313  1.034640e+00  \n",
      "1        1.030738  1.187944e+00  \n",
      "10       0.974362  9.278794e-01  \n",
      "11       0.441056  1.267694e+00  \n",
      "12       1.238035  6.365442e-01  \n",
      "13       1.388314  1.023329e+00  \n",
      "14       0.542260  1.006154e+00  \n",
      "15       0.691810  1.064366e+00  \n",
      "16       1.158244  1.082368e+00  \n",
      "17       1.198959  9.739588e-01  \n",
      "18       1.183370  7.127623e-01  \n",
      "19       1.152924  6.335662e-01  \n",
      "2        1.422750  6.020673e-01  \n",
      "20       1.138219  9.145537e-01  \n",
      "21       1.301254  1.071590e+00  \n",
      "22       1.081918  1.132383e+00  \n",
      "3        1.104205  6.853892e-01  \n",
      "4        0.235401  1.355081e+00  \n",
      "5        1.054250  1.244062e+00  \n",
      "6        1.404956  7.804612e-01  \n",
      "7        1.277622  1.126624e+00  \n",
      "8        0.000000  1.289812e+00  \n",
      "9        1.289812  1.110223e-16  \n",
      "\n",
      "[23 rows x 23 columns]\n"
     ]
    }
   ],
   "source": [
    "print(D_expr)"
   ]
  },
  {
   "cell_type": "markdown",
   "id": "3d77c96a",
   "metadata": {},
   "source": [
    "### 시그니처 유사도: top-N DEG 겹침률 (Jaccard)과 순위상관\n",
    "\n",
    "100개 중 50개 겹침 같은 기준으로 정량화"
   ]
  },
  {
   "cell_type": "code",
   "execution_count": null,
   "id": "58dac0f4",
   "metadata": {},
   "outputs": [
    {
     "ename": "KeyError",
     "evalue": "\"None of [Index(['0'], dtype='object')] are in the [columns]\"",
     "output_type": "error",
     "traceback": [
      "\u001b[0;31m---------------------------------------------------------------------------\u001b[0m",
      "\u001b[0;31mKeyError\u001b[0m                                  Traceback (most recent call last)",
      "Cell \u001b[0;32mIn[19], line 19\u001b[0m\n\u001b[1;32m     16\u001b[0m \u001b[38;5;66;03m# 순위상관(스피어만) 행렬 : 공통 유전자만 비교\u001b[39;00m\n\u001b[1;32m     17\u001b[0m R \u001b[38;5;241m=\u001b[39m pd\u001b[38;5;241m.\u001b[39mDataFrame(\u001b[38;5;241m0.0\u001b[39m, index\u001b[38;5;241m=\u001b[39mclusters, columns\u001b[38;5;241m=\u001b[39mclusters)\n\u001b[0;32m---> 19\u001b[0m gene_lists \u001b[38;5;241m=\u001b[39m {c: top_genes(adata, c, N\u001b[38;5;241m=\u001b[39mtopN) \u001b[38;5;28;01mfor\u001b[39;00m c \u001b[38;5;129;01min\u001b[39;00m clusters}\n\u001b[1;32m     21\u001b[0m \u001b[38;5;28;01mfor\u001b[39;00m i \u001b[38;5;129;01min\u001b[39;00m clusters:\n\u001b[1;32m     22\u001b[0m     Gi \u001b[38;5;241m=\u001b[39m gene_lists[i]\n",
      "Cell \u001b[0;32mIn[19], line 19\u001b[0m, in \u001b[0;36m<dictcomp>\u001b[0;34m(.0)\u001b[0m\n\u001b[1;32m     16\u001b[0m \u001b[38;5;66;03m# 순위상관(스피어만) 행렬 : 공통 유전자만 비교\u001b[39;00m\n\u001b[1;32m     17\u001b[0m R \u001b[38;5;241m=\u001b[39m pd\u001b[38;5;241m.\u001b[39mDataFrame(\u001b[38;5;241m0.0\u001b[39m, index\u001b[38;5;241m=\u001b[39mclusters, columns\u001b[38;5;241m=\u001b[39mclusters)\n\u001b[0;32m---> 19\u001b[0m gene_lists \u001b[38;5;241m=\u001b[39m {c: \u001b[43mtop_genes\u001b[49m\u001b[43m(\u001b[49m\u001b[43madata\u001b[49m\u001b[43m,\u001b[49m\u001b[43m \u001b[49m\u001b[43mc\u001b[49m\u001b[43m,\u001b[49m\u001b[43m \u001b[49m\u001b[43mN\u001b[49m\u001b[38;5;241;43m=\u001b[39;49m\u001b[43mtopN\u001b[49m\u001b[43m)\u001b[49m \u001b[38;5;28;01mfor\u001b[39;00m c \u001b[38;5;129;01min\u001b[39;00m clusters}\n\u001b[1;32m     21\u001b[0m \u001b[38;5;28;01mfor\u001b[39;00m i \u001b[38;5;129;01min\u001b[39;00m clusters:\n\u001b[1;32m     22\u001b[0m     Gi \u001b[38;5;241m=\u001b[39m gene_lists[i]\n",
      "Cell \u001b[0;32mIn[19], line 3\u001b[0m, in \u001b[0;36mtop_genes\u001b[0;34m(adata, group, key, N)\u001b[0m\n\u001b[1;32m      2\u001b[0m \u001b[38;5;28;01mdef\u001b[39;00m\u001b[38;5;250m \u001b[39m\u001b[38;5;21mtop_genes\u001b[39m(adata, group, key\u001b[38;5;241m=\u001b[39m\u001b[38;5;124m\"\u001b[39m\u001b[38;5;124mrank_genes_groups\u001b[39m\u001b[38;5;124m\"\u001b[39m, N\u001b[38;5;241m=\u001b[39m\u001b[38;5;241m100\u001b[39m):\n\u001b[0;32m----> 3\u001b[0m     df \u001b[38;5;241m=\u001b[39m \u001b[43msc\u001b[49m\u001b[38;5;241;43m.\u001b[39;49m\u001b[43mget\u001b[49m\u001b[38;5;241;43m.\u001b[39;49m\u001b[43mrank_genes_groups_df\u001b[49m\u001b[43m(\u001b[49m\u001b[43madata\u001b[49m\u001b[43m,\u001b[49m\u001b[43m \u001b[49m\u001b[43mgroup\u001b[49m\u001b[38;5;241;43m=\u001b[39;49m\u001b[43mgroup\u001b[49m\u001b[43m,\u001b[49m\u001b[43m \u001b[49m\u001b[43mkey\u001b[49m\u001b[38;5;241;43m=\u001b[39;49m\u001b[43mkey\u001b[49m\u001b[43m)\u001b[49m\n\u001b[1;32m      4\u001b[0m     \u001b[38;5;28;01mreturn\u001b[39;00m \u001b[38;5;28mlist\u001b[39m(df\u001b[38;5;241m.\u001b[39msort_values(\u001b[38;5;124m\"\u001b[39m\u001b[38;5;124mscores\u001b[39m\u001b[38;5;124m\"\u001b[39m, ascending\u001b[38;5;241m=\u001b[39m\u001b[38;5;28;01mFalse\u001b[39;00m)[\u001b[38;5;124m\"\u001b[39m\u001b[38;5;124mnames\u001b[39m\u001b[38;5;124m\"\u001b[39m]\u001b[38;5;241m.\u001b[39mhead(N))\n",
      "File \u001b[0;32m~/miniforge3/envs/rna_analysis_py310/lib/python3.10/site-packages/scanpy/get/get.py:81\u001b[0m, in \u001b[0;36mrank_genes_groups_df\u001b[0;34m(adata, group, key, pval_cutoff, log2fc_min, log2fc_max, gene_symbols)\u001b[0m\n\u001b[1;32m     78\u001b[0m \u001b[38;5;28;01melse\u001b[39;00m:\n\u001b[1;32m     79\u001b[0m     colnames \u001b[38;5;241m=\u001b[39m [\u001b[38;5;124m\"\u001b[39m\u001b[38;5;124mnames\u001b[39m\u001b[38;5;124m\"\u001b[39m, \u001b[38;5;124m\"\u001b[39m\u001b[38;5;124mscores\u001b[39m\u001b[38;5;124m\"\u001b[39m, \u001b[38;5;124m\"\u001b[39m\u001b[38;5;124mlogfoldchanges\u001b[39m\u001b[38;5;124m\"\u001b[39m, \u001b[38;5;124m\"\u001b[39m\u001b[38;5;124mpvals\u001b[39m\u001b[38;5;124m\"\u001b[39m, \u001b[38;5;124m\"\u001b[39m\u001b[38;5;124mpvals_adj\u001b[39m\u001b[38;5;124m\"\u001b[39m]\n\u001b[0;32m---> 81\u001b[0m d \u001b[38;5;241m=\u001b[39m [pd\u001b[38;5;241m.\u001b[39mDataFrame(adata\u001b[38;5;241m.\u001b[39muns[key][c])[group] \u001b[38;5;28;01mfor\u001b[39;00m c \u001b[38;5;129;01min\u001b[39;00m colnames]\n\u001b[1;32m     82\u001b[0m d \u001b[38;5;241m=\u001b[39m pd\u001b[38;5;241m.\u001b[39mconcat(d, axis\u001b[38;5;241m=\u001b[39m\u001b[38;5;241m1\u001b[39m, names\u001b[38;5;241m=\u001b[39m[\u001b[38;5;28;01mNone\u001b[39;00m, \u001b[38;5;124m\"\u001b[39m\u001b[38;5;124mgroup\u001b[39m\u001b[38;5;124m\"\u001b[39m], keys\u001b[38;5;241m=\u001b[39mcolnames)\n\u001b[1;32m     83\u001b[0m \u001b[38;5;28;01mif\u001b[39;00m Version(pd\u001b[38;5;241m.\u001b[39m__version__) \u001b[38;5;241m>\u001b[39m\u001b[38;5;241m=\u001b[39m Version(\u001b[38;5;124m\"\u001b[39m\u001b[38;5;124m2.1\u001b[39m\u001b[38;5;124m\"\u001b[39m):\n",
      "File \u001b[0;32m~/miniforge3/envs/rna_analysis_py310/lib/python3.10/site-packages/scanpy/get/get.py:81\u001b[0m, in \u001b[0;36m<listcomp>\u001b[0;34m(.0)\u001b[0m\n\u001b[1;32m     78\u001b[0m \u001b[38;5;28;01melse\u001b[39;00m:\n\u001b[1;32m     79\u001b[0m     colnames \u001b[38;5;241m=\u001b[39m [\u001b[38;5;124m\"\u001b[39m\u001b[38;5;124mnames\u001b[39m\u001b[38;5;124m\"\u001b[39m, \u001b[38;5;124m\"\u001b[39m\u001b[38;5;124mscores\u001b[39m\u001b[38;5;124m\"\u001b[39m, \u001b[38;5;124m\"\u001b[39m\u001b[38;5;124mlogfoldchanges\u001b[39m\u001b[38;5;124m\"\u001b[39m, \u001b[38;5;124m\"\u001b[39m\u001b[38;5;124mpvals\u001b[39m\u001b[38;5;124m\"\u001b[39m, \u001b[38;5;124m\"\u001b[39m\u001b[38;5;124mpvals_adj\u001b[39m\u001b[38;5;124m\"\u001b[39m]\n\u001b[0;32m---> 81\u001b[0m d \u001b[38;5;241m=\u001b[39m [\u001b[43mpd\u001b[49m\u001b[38;5;241;43m.\u001b[39;49m\u001b[43mDataFrame\u001b[49m\u001b[43m(\u001b[49m\u001b[43madata\u001b[49m\u001b[38;5;241;43m.\u001b[39;49m\u001b[43muns\u001b[49m\u001b[43m[\u001b[49m\u001b[43mkey\u001b[49m\u001b[43m]\u001b[49m\u001b[43m[\u001b[49m\u001b[43mc\u001b[49m\u001b[43m]\u001b[49m\u001b[43m)\u001b[49m\u001b[43m[\u001b[49m\u001b[43mgroup\u001b[49m\u001b[43m]\u001b[49m \u001b[38;5;28;01mfor\u001b[39;00m c \u001b[38;5;129;01min\u001b[39;00m colnames]\n\u001b[1;32m     82\u001b[0m d \u001b[38;5;241m=\u001b[39m pd\u001b[38;5;241m.\u001b[39mconcat(d, axis\u001b[38;5;241m=\u001b[39m\u001b[38;5;241m1\u001b[39m, names\u001b[38;5;241m=\u001b[39m[\u001b[38;5;28;01mNone\u001b[39;00m, \u001b[38;5;124m\"\u001b[39m\u001b[38;5;124mgroup\u001b[39m\u001b[38;5;124m\"\u001b[39m], keys\u001b[38;5;241m=\u001b[39mcolnames)\n\u001b[1;32m     83\u001b[0m \u001b[38;5;28;01mif\u001b[39;00m Version(pd\u001b[38;5;241m.\u001b[39m__version__) \u001b[38;5;241m>\u001b[39m\u001b[38;5;241m=\u001b[39m Version(\u001b[38;5;124m\"\u001b[39m\u001b[38;5;124m2.1\u001b[39m\u001b[38;5;124m\"\u001b[39m):\n",
      "File \u001b[0;32m~/miniforge3/envs/rna_analysis_py310/lib/python3.10/site-packages/pandas/core/frame.py:4119\u001b[0m, in \u001b[0;36mDataFrame.__getitem__\u001b[0;34m(self, key)\u001b[0m\n\u001b[1;32m   4117\u001b[0m     \u001b[38;5;28;01mif\u001b[39;00m is_iterator(key):\n\u001b[1;32m   4118\u001b[0m         key \u001b[38;5;241m=\u001b[39m \u001b[38;5;28mlist\u001b[39m(key)\n\u001b[0;32m-> 4119\u001b[0m     indexer \u001b[38;5;241m=\u001b[39m \u001b[38;5;28;43mself\u001b[39;49m\u001b[38;5;241;43m.\u001b[39;49m\u001b[43mcolumns\u001b[49m\u001b[38;5;241;43m.\u001b[39;49m\u001b[43m_get_indexer_strict\u001b[49m\u001b[43m(\u001b[49m\u001b[43mkey\u001b[49m\u001b[43m,\u001b[49m\u001b[43m \u001b[49m\u001b[38;5;124;43m\"\u001b[39;49m\u001b[38;5;124;43mcolumns\u001b[39;49m\u001b[38;5;124;43m\"\u001b[39;49m\u001b[43m)\u001b[49m[\u001b[38;5;241m1\u001b[39m]\n\u001b[1;32m   4121\u001b[0m \u001b[38;5;66;03m# take() does not accept boolean indexers\u001b[39;00m\n\u001b[1;32m   4122\u001b[0m \u001b[38;5;28;01mif\u001b[39;00m \u001b[38;5;28mgetattr\u001b[39m(indexer, \u001b[38;5;124m\"\u001b[39m\u001b[38;5;124mdtype\u001b[39m\u001b[38;5;124m\"\u001b[39m, \u001b[38;5;28;01mNone\u001b[39;00m) \u001b[38;5;241m==\u001b[39m \u001b[38;5;28mbool\u001b[39m:\n",
      "File \u001b[0;32m~/miniforge3/envs/rna_analysis_py310/lib/python3.10/site-packages/pandas/core/indexes/base.py:6212\u001b[0m, in \u001b[0;36mIndex._get_indexer_strict\u001b[0;34m(self, key, axis_name)\u001b[0m\n\u001b[1;32m   6209\u001b[0m \u001b[38;5;28;01melse\u001b[39;00m:\n\u001b[1;32m   6210\u001b[0m     keyarr, indexer, new_indexer \u001b[38;5;241m=\u001b[39m \u001b[38;5;28mself\u001b[39m\u001b[38;5;241m.\u001b[39m_reindex_non_unique(keyarr)\n\u001b[0;32m-> 6212\u001b[0m \u001b[38;5;28;43mself\u001b[39;49m\u001b[38;5;241;43m.\u001b[39;49m\u001b[43m_raise_if_missing\u001b[49m\u001b[43m(\u001b[49m\u001b[43mkeyarr\u001b[49m\u001b[43m,\u001b[49m\u001b[43m \u001b[49m\u001b[43mindexer\u001b[49m\u001b[43m,\u001b[49m\u001b[43m \u001b[49m\u001b[43maxis_name\u001b[49m\u001b[43m)\u001b[49m\n\u001b[1;32m   6214\u001b[0m keyarr \u001b[38;5;241m=\u001b[39m \u001b[38;5;28mself\u001b[39m\u001b[38;5;241m.\u001b[39mtake(indexer)\n\u001b[1;32m   6215\u001b[0m \u001b[38;5;28;01mif\u001b[39;00m \u001b[38;5;28misinstance\u001b[39m(key, Index):\n\u001b[1;32m   6216\u001b[0m     \u001b[38;5;66;03m# GH 42790 - Preserve name from an Index\u001b[39;00m\n",
      "File \u001b[0;32m~/miniforge3/envs/rna_analysis_py310/lib/python3.10/site-packages/pandas/core/indexes/base.py:6261\u001b[0m, in \u001b[0;36mIndex._raise_if_missing\u001b[0;34m(self, key, indexer, axis_name)\u001b[0m\n\u001b[1;32m   6259\u001b[0m \u001b[38;5;28;01mif\u001b[39;00m nmissing:\n\u001b[1;32m   6260\u001b[0m     \u001b[38;5;28;01mif\u001b[39;00m nmissing \u001b[38;5;241m==\u001b[39m \u001b[38;5;28mlen\u001b[39m(indexer):\n\u001b[0;32m-> 6261\u001b[0m         \u001b[38;5;28;01mraise\u001b[39;00m \u001b[38;5;167;01mKeyError\u001b[39;00m(\u001b[38;5;124mf\u001b[39m\u001b[38;5;124m\"\u001b[39m\u001b[38;5;124mNone of [\u001b[39m\u001b[38;5;132;01m{\u001b[39;00mkey\u001b[38;5;132;01m}\u001b[39;00m\u001b[38;5;124m] are in the [\u001b[39m\u001b[38;5;132;01m{\u001b[39;00maxis_name\u001b[38;5;132;01m}\u001b[39;00m\u001b[38;5;124m]\u001b[39m\u001b[38;5;124m\"\u001b[39m)\n\u001b[1;32m   6263\u001b[0m     not_found \u001b[38;5;241m=\u001b[39m \u001b[38;5;28mlist\u001b[39m(ensure_index(key)[missing_mask\u001b[38;5;241m.\u001b[39mnonzero()[\u001b[38;5;241m0\u001b[39m]]\u001b[38;5;241m.\u001b[39munique())\n\u001b[1;32m   6264\u001b[0m     \u001b[38;5;28;01mraise\u001b[39;00m \u001b[38;5;167;01mKeyError\u001b[39;00m(\u001b[38;5;124mf\u001b[39m\u001b[38;5;124m\"\u001b[39m\u001b[38;5;132;01m{\u001b[39;00mnot_found\u001b[38;5;132;01m}\u001b[39;00m\u001b[38;5;124m not in index\u001b[39m\u001b[38;5;124m\"\u001b[39m)\n",
      "\u001b[0;31mKeyError\u001b[0m: \"None of [Index(['0'], dtype='object')] are in the [columns]\""
     ]
    }
   ],
   "source": [
    "# 클러스터별 top-N DEG 집합\n",
    "def top_genes(adata, group, key=\"rank_genes_groups\", N=100):\n",
    "    df = sc.get.rank_genes_groups_df(adata, group=group, key=key)\n",
    "    return list(df.sort_values(\"scores\", ascending=False)[\"names\"].head(N))\n",
    "\n",
    "# 없다면 DEG 먼저 계산(표준: wilcoxon)\n",
    "if \"rank_genes_groups\" not in adata.uns:\n",
    "    sc.tl.rank_genes_groups(adata, groupby=cluster_key, method=\"wilcoxon\")\n",
    "\n",
    "clusters = sorted(adata.obs[cluster_key].astype(str).unique())\n",
    "topN = 100\n",
    "\n",
    "# Jaccard 유사도 행렬\n",
    "J = pd.DataFrame(0.0, index= clusters, columns=clusters)\n",
    "\n",
    "# 순위상관(스피어만) 행렬 : 공통 유전자만 비교\n",
    "R = pd.DataFrame(0.0, index=clusters, columns=clusters)\n",
    "\n",
    "gene_lists = {c: top_genes(adata, c, N=topN) for c in clusters}\n",
    "\n",
    "for i in clusters:\n",
    "    Gi = gene_lists[i]\n",
    "    for j in clusters:\n",
    "        Gj = gene_lists[j]\n",
    "        inter = set(Gi) & set(Gj)\n",
    "        union = set(Gi) | set(Gj)\n",
    "        J.loc[i,j] = len(inter) / len(union) if len(union) > 0 else 0.0\n",
    "\n",
    "        # 간단한 순위상관: 공통 유전자에 대해 각 목록의 순위 백터 만들기\n",
    "        if inter:\n",
    "            rank_i = {g: r for r, g in enumerate(Gi, start=1) if g in inter}\n",
    "            rank_j = {g: r for r, g in enumerate(Gj, start=1) if g in inter}\n",
    "            xi = np.array([rank_i[g] for g in inter])\n",
    "            xj = np.array([rank_j[g] for g in inter])\n",
    "            R.loc[i, j] = pd.Series(xi).corr(pd.Series(xj), method=\"spearman\")\n",
    "        else:\n",
    "            R.loc[i, j] = 0.0"
   ]
  },
  {
   "cell_type": "code",
   "execution_count": 20,
   "id": "ffe12989",
   "metadata": {},
   "outputs": [
    {
     "name": "stdout",
     "output_type": "stream",
     "text": [
      "dict_keys(['Celltype (malignancy)_colors', 'Celltype (minor-lineage)_colors', 'Patient_colors', 'Sample_colors', 'celltype_colors', 'dendrogram_leiden', 'hvg', 'leiden', 'leiden_colors', 'log1p', 'neighbors', 'pca', 'rank_genes_groups', 'sample_colors', 'scrublet', 'umap'])\n"
     ]
    }
   ],
   "source": [
    "print(adata.uns.keys())"
   ]
  },
  {
   "cell_type": "code",
   "execution_count": 21,
   "id": "924a7058",
   "metadata": {},
   "outputs": [
    {
     "data": {
      "text/plain": [
       "dict_keys(['logfoldchanges', 'names', 'params', 'pvals', 'pvals_adj', 'scores'])"
      ]
     },
     "execution_count": 21,
     "metadata": {},
     "output_type": "execute_result"
    }
   ],
   "source": [
    "adata.uns['rank_genes_groups'].keys()"
   ]
  },
  {
   "cell_type": "code",
   "execution_count": 22,
   "id": "c2371303",
   "metadata": {},
   "outputs": [
    {
     "data": {
      "text/plain": [
       "('Th1', 'Th2', 'Th17', 'Tprolif')"
      ]
     },
     "execution_count": 22,
     "metadata": {},
     "output_type": "execute_result"
    }
   ],
   "source": [
    "adata.uns[\"rank_genes_groups\"][\"names\"].dtype.names"
   ]
  },
  {
   "cell_type": "code",
   "execution_count": 24,
   "id": "0b7a5e6e",
   "metadata": {},
   "outputs": [
    {
     "name": "stdout",
     "output_type": "stream",
     "text": [
      "['Th1', 'Th2', 'Th17', 'Tprolif']\n"
     ]
    }
   ],
   "source": [
    "deg_groups = list(adata.uns[\"rank_genes_groups\"][\"names\"].dtype.names)\n",
    "print(deg_groups)"
   ]
  },
  {
   "cell_type": "code",
   "execution_count": 25,
   "id": "bc96387a",
   "metadata": {},
   "outputs": [
    {
     "name": "stderr",
     "output_type": "stream",
     "text": [
      "/Users/yanghyejeong/miniforge3/envs/rna_analysis_py310/lib/python3.10/site-packages/scanpy/tools/_rank_genes_groups.py:482: RuntimeWarning: invalid value encountered in log2\n",
      "  self.stats[group_name, \"logfoldchanges\"] = np.log2(\n",
      "/Users/yanghyejeong/miniforge3/envs/rna_analysis_py310/lib/python3.10/site-packages/scanpy/tools/_rank_genes_groups.py:482: RuntimeWarning: invalid value encountered in log2\n",
      "  self.stats[group_name, \"logfoldchanges\"] = np.log2(\n",
      "/Users/yanghyejeong/miniforge3/envs/rna_analysis_py310/lib/python3.10/site-packages/scanpy/tools/_rank_genes_groups.py:482: RuntimeWarning: invalid value encountered in log2\n",
      "  self.stats[group_name, \"logfoldchanges\"] = np.log2(\n",
      "/Users/yanghyejeong/miniforge3/envs/rna_analysis_py310/lib/python3.10/site-packages/scanpy/tools/_rank_genes_groups.py:482: RuntimeWarning: invalid value encountered in log2\n",
      "  self.stats[group_name, \"logfoldchanges\"] = np.log2(\n",
      "/Users/yanghyejeong/miniforge3/envs/rna_analysis_py310/lib/python3.10/site-packages/scanpy/tools/_rank_genes_groups.py:482: RuntimeWarning: invalid value encountered in log2\n",
      "  self.stats[group_name, \"logfoldchanges\"] = np.log2(\n",
      "/Users/yanghyejeong/miniforge3/envs/rna_analysis_py310/lib/python3.10/site-packages/scanpy/tools/_rank_genes_groups.py:482: RuntimeWarning: invalid value encountered in log2\n",
      "  self.stats[group_name, \"logfoldchanges\"] = np.log2(\n",
      "/Users/yanghyejeong/miniforge3/envs/rna_analysis_py310/lib/python3.10/site-packages/scanpy/tools/_rank_genes_groups.py:482: RuntimeWarning: invalid value encountered in log2\n",
      "  self.stats[group_name, \"logfoldchanges\"] = np.log2(\n",
      "/Users/yanghyejeong/miniforge3/envs/rna_analysis_py310/lib/python3.10/site-packages/scanpy/tools/_rank_genes_groups.py:482: RuntimeWarning: invalid value encountered in log2\n",
      "  self.stats[group_name, \"logfoldchanges\"] = np.log2(\n",
      "/Users/yanghyejeong/miniforge3/envs/rna_analysis_py310/lib/python3.10/site-packages/scanpy/tools/_rank_genes_groups.py:482: RuntimeWarning: invalid value encountered in log2\n",
      "  self.stats[group_name, \"logfoldchanges\"] = np.log2(\n",
      "/Users/yanghyejeong/miniforge3/envs/rna_analysis_py310/lib/python3.10/site-packages/scanpy/tools/_rank_genes_groups.py:482: RuntimeWarning: invalid value encountered in log2\n",
      "  self.stats[group_name, \"logfoldchanges\"] = np.log2(\n",
      "/Users/yanghyejeong/miniforge3/envs/rna_analysis_py310/lib/python3.10/site-packages/scanpy/tools/_rank_genes_groups.py:482: RuntimeWarning: invalid value encountered in log2\n",
      "  self.stats[group_name, \"logfoldchanges\"] = np.log2(\n",
      "/Users/yanghyejeong/miniforge3/envs/rna_analysis_py310/lib/python3.10/site-packages/scanpy/tools/_rank_genes_groups.py:482: RuntimeWarning: invalid value encountered in log2\n",
      "  self.stats[group_name, \"logfoldchanges\"] = np.log2(\n",
      "/Users/yanghyejeong/miniforge3/envs/rna_analysis_py310/lib/python3.10/site-packages/scanpy/tools/_rank_genes_groups.py:482: RuntimeWarning: invalid value encountered in log2\n",
      "  self.stats[group_name, \"logfoldchanges\"] = np.log2(\n",
      "/Users/yanghyejeong/miniforge3/envs/rna_analysis_py310/lib/python3.10/site-packages/scanpy/tools/_rank_genes_groups.py:482: RuntimeWarning: invalid value encountered in log2\n",
      "  self.stats[group_name, \"logfoldchanges\"] = np.log2(\n",
      "/Users/yanghyejeong/miniforge3/envs/rna_analysis_py310/lib/python3.10/site-packages/scanpy/tools/_rank_genes_groups.py:482: RuntimeWarning: invalid value encountered in log2\n",
      "  self.stats[group_name, \"logfoldchanges\"] = np.log2(\n",
